50 2.00056
100 2.02067
150 2.05921
200 1.99931
250 2.02218
300 1.94402
350 2.01098
400 2.03732
450 1.99414
500 1.99152
550 1.99622
600 2.01229
650 1.99399
700 1.99841
750 2.01983
800 2.00056
850 1.99628
900 2.01313
950 2.00996
1000 2.00559
1050 2.00559
1100 2.01439
1150 1.98767
1200 1.99837
1250 2.00579
1300 2.00008
1350 1.99312
1400 1.99276
1450 2.00914
1500 2.00417
1550 1.96992
1600 2.0092
1650 1.97383
1700 2.0104
1750 2.00566
1800 2.00873
1850 2.00872
1900 2.00387
1950 2.00553
2000 2.00647
2050 2.00014
2100 1.99075
2150 2.00536
2200 2.0089
2250 2.00263
2300 1.9845
2350 2.00821
2400 2.01365
2450 2.00426
2500 2.00805
2550 1.99638
2600 2.0023
2650 2.00222
2700 1.99484
2750 2.00911
2800 2.00779
2850 1.9839
2900 1.99237
2950 1.99592
3000 2.00412
3050 1.99467
3100 2.00482
3150 2.0004
3200 1.99008
3250 1.99705
3300 1.99805
3350 2.00349
3400 1.9924
3450 2.00308
3500 1.99748
3550 1.9971
3600 1.99442
3650 1.9995
3700 2.00444
3750 2.00831
3800 2.00867
3850 1.9987
3900 2.00659
3950 1.99503
4000 2.00569
4050 1.99498
4100 2.01129
4150 2.0075
4200 2.0093
4250 1.9979
4300 1.99697
4350 2.00244
4400 2.01513
4450 2.00522
4500 1.98359
4550 2.00233
4600 1.99076
4650 1.99746
4700 2.00022
4750 2.00773
4800 1.99522
4850 1.9987
4900 1.99246
4950 2.00064
5000 1.99569
