50 12.8
50 8
50 11.2
50 8
50 14.4
100 9.6
100 12.8
100 11.2
100 13.6
100 14.4
150 11.2
150 11.2
150 11.2
150 14.4
150 13.8667
200 12
200 11.6
200 12
200 11.6
200 12.4
250 13.76
250 10.56
250 12.8
250 11.84
250 11.52
300 13.0667
300 16.5333
300 9.6
300 12.8
300 13.3333
350 13.2571
350 9.82857
350 11.4286
350 11.4286
350 14.6286
400 11.2
400 12.2
400 13.6
400 12.4
400 11.8
450 11.7333
450 10.4889
450 12.2667
450 12.4444
450 14.7556
500 10.56
500 9.6
500 11.68
500 13.28
500 11.2
550 12.6545
550 12.5091
550 12.3636
550 12.9455
550 10.6182
600 13.2
600 10.4
600 12
600 9.46667
600 13.0667
650 10.2154
650 13.9077
650 11.6923
650 13.6615
650 12.1846
700 11.2
700 12
700 10.7429
700 11.4286
700 14.7429
750 12.0533
750 10.3467
750 10.88
750 10.24
750 11.7333
800 13
800 12.8
800 11.9
800 11.9
800 12.4
850 13.0824
850 12.6118
850 11.2
850 12.5176
850 12.7059
900 12
900 10.8444
900 11.1111
900 12
900 11.2
950 12.7158
950 11.5368
950 11.8737
950 12.2947
950 11.7053
1000 11.6
1000 10.8
1000 12.4
1000 11.52
1000 11.84
1050 14.4
1050 12.2667
1050 12.8
1050 11.581
1050 12.8
1100 11.7818
1100 12.1455
1100 12.2182
1100 11.3455
1100 12.9455
1150 10.9913
1150 12.2435
1150 11.8261
1150 11.4783
1150 12.6609
1200 12.2
1200 11.2667
1200 12.1333
1200 12.7333
1200 12.1333
1250 12.928
1250 13.568
1250 14.72
1250 11.584
1250 11.968
1300 12.8
1300 11.1385
1300 11.5077
1300 10.5846
1300 13.7846
1350 12.8593
1350 12.3852
1350 14.4593
1350 11.437
1350 11.1407
1400 11.1429
1400 12.8
1400 11.6
1400 12.4571
1400 11.3143
1450 11.8621
1450 10.8138
1450 11.7517
1450 11.9724
1450 11.9172
1500 11.04
1500 12.3733
1500 11.8933
1500 12.64
1500 11.52
1550 14.1419
1550 12.4903
1550 11.4065
1550 11.9226
1550 11.871
1600 12.35
1600 12
1600 10.9
1600 11.25
1600 12.45
1650 12.1697
1650 11.4909
1650 12.0242
1650 12.0727
1650 12.9455
1700 11.4824
1700 12.0471
1700 12
1700 10.9647
1700 10.1647
1750 11.7029
1750 11.8857
1750 12.8
1750 10.7429
1750 12.8457
1800 11.9556
1800 12
1800 12.3111
1800 11.2
1800 11.5111
1850 13.5784
1850 11.5892
1850 11.4595
1850 11.9784
1850 12.8
1900 11.8316
1900 11.9579
1900 12.3368
1900 11.4105
1900 10.6947
1950 12.7179
1950 11.7744
1950 12.6359
1950 11.8974
1950 11.6103
2000 11.56
2000 11
2000 12.04
2000 12.52
2000 11.88
2050 12.2146
2050 11.9415
2050 11.7854
2050 12.0195
2050 11.6293
2100 11.3524
2100 11.7714
2100 12.5714
2100 11.5048
2100 11.7714
2150 11.7581
2150 12.2047
2150 11.4233
2150 11.7953
2150 12.0186
2200 12.1455
2200 12.2182
2200 11.0545
2200 11.9636
2200 11.7455
2250 12.0533
2250 11.4133
2250 12.5511
2250 11.6622
2250 11.4133
2300 11.2696
2300 13.4957
2300 12.2087
2300 12.1043
2300 11.2348
2350 12.6979
2350 11.9489
2350 12.2553
2350 11.0979
2350 13.2085
2400 11.9667
2400 11.6667
2400 10.9667
2400 12.3333
2400 11.5333
2450 11.7878
2450 12.0816
2450 11.4612
2450 12.049
2450 13.3878
2500 12.512
2500 11.36
2500 11.936
2500 10.272
2500 12.256
2550 12.2039
2550 11.5137
2550 12.298
2550 12.1412
2550 11.6392
2600 11.7846
2600 11.6
2600 11.7231
2600 11.1692
2600 11.8462
2650 12.1962
2650 11.1698
2650 11.8943
2650 12.7396
2650 11.8038
2700 11.5556
2700 12.0889
2700 12.8593
2700 12.8889
2700 11.5556
2750 12.3055
2750 11.7236
2750 11.1127
2750 12.16
2750 12.0145
2800 12.0571
2800 11.9143
2800 11.3714
2800 12
2800 12.6286
2850 12.0702
2850 11.3123
2850 11.593
2850 12.2947
2850 11.7614
2900 11.5034
2900 12.331
2900 11.6414
2900 11.7793
2900 11.669
2950 12.3661
2950 11.3898
2950 12.5017
2950 11.9322
2950 11.4983
3000 11.84
3000 13.0133
3000 12.2933
3000 11.7333
3000 11.4133
3050 12.6164
3050 11.9082
3050 11.4098
3050 12.2492
3050 12.2754
3100 11.5097
3100 12.4645
3100 12.2839
3100 12.0516
3100 12.2839
3150 11.9111
3150 11.0222
3150 11.4032
3150 11.6317
3150 12.4698
3200 12.35
3200 11.875
3200 10.9
3200 11.8
3200 13.2
3250 11.0769
3250 11.52
3250 12.2831
3250 11.4215
3250 12.3323
3300 12.097
3300 12.3394
3300 12.1697
3300 12.1212
3300 11.6121
3350 11.6299
3350 12.1791
3350 12.7522
3350 11.1761
3350 12.8
3400 11.8118
3400 12.1412
3400 11.3647
3400 11.6941
3400 11.6706
3450 12.5449
3450 12.4754
3450 12.2203
3450 12.2899
3450 12.8
3500 12.4343
3500 12.3429
3500 11.8857
3500 12.7086
3500 11.2
3550 11.9211
3550 12.4169
3550 12.4169
3550 12.6423
3550 13.0704
3600 11.9778
3600 11.6667
3600 12.0222
3600 12.2
3600 11.8889
3650 11.3973
3650 11.3534
3650 11.9014
3650 11.5507
3650 12.3836
3700 12.4973
3700 12.5838
3700 12.0865
3700 12.173
3700 11.8486
3750 12.5653
3750 11.712
3750 11.264
3750 11.904
3750 11.456
3800 11.4316
3800 11.8737
3800 12.0842
3800 12.2316
3800 12.3579
3850 12.426
3850 11.9273
3850 11.9065
3850 12.0519
3850 11.9481
3900 11.8359
3900 12.0615
3900 11.6308
3900 11.7128
3900 12.0205
3950 12.8405
3950 12.4557
3950 11.6658
3950 11.7468
3950 12.0911
4000 12.2
4000 12.12
4000 12.52
4000 12.02
4000 11.82
4050 12.1086
4050 11.9704
4050 12.4049
4050 11.0617
4050 12.2469
4100 11.6683
4100 12.1561
4100 11.8829
4100 11.8829
4100 11.7073
4150 11.9325
4150 11.5277
4150 11.9325
4150 12.9157
4150 12.4337
4200 12.2286
4200 11.8286
4200 11.4476
4200 12.2286
4200 12.4
4250 11.8588
4250 11.6518
4250 12.3671
4250 11.7082
4250 11.84
4300 12.5395
4300 12
4300 12
4300 11.1628
4300 11.8512
4350 12.1747
4350 12.046
4350 11.8437
4350 12.3034
4350 11.8069
4400 11.9273
4400 12.2727
4400 11.6727
4400 11.7636
4400 12.1455
4450 11.2539
4450 12.0629
4450 12.5483
4450 12.7101
4450 11.5056
4500 11.6622
4500 11.4844
4500 12.1422
4500 11.4133
4500 12.7467
4550 11.9033
4550 11.3758
4550 11.8681
4550 12.0088
4550 12.1495
4600 11.4609
4600 12.087
4600 12.5565
4600 12.6087
4600 11.7391
4650 11.871
4650 12.2495
4650 11.6473
4650 11.3032
4650 11.7505
4700 11.7957
4700 12.3574
4700 12.1021
4700 11.5404
4700 12.0681
4750 13.2884
4750 11.6884
4750 11.0484
4750 12.2947
4750 11.7389
4800 12.0333
4800 12.8167
4800 11.4667
4800 12.7
4800 11.95
4850 11.7113
4850 12.0082
4850 11.6948
4850 11.332
4850 11.9588
4900 12.098
4900 12.5388
4900 11.8367
4900 11.7224
4900 11.6408
4950 11.8949
4950 11.4101
4950 11.5556
4950 11.8626
4950 12.4606
5000 12.288
5000 12.32
5000 12.56
5000 11.824
5000 12.048
