50 0.2
100 0.2
150 0.208
200 0.186
250 0.1912
300 0.210667
350 0.192571
400 0.2005
450 0.209778
500 0.2
550 0.201091
600 0.209
650 0.201846
700 0.200571
750 0.203733
800 0.20375
850 0.201176
900 0.198444
950 0.202526
1000 0.1856
1050 0.208762
1100 0.205636
1150 0.193913
1200 0.199167
1250 0.20688
1300 0.198615
1350 0.205333
1400 0.204286
1450 0.195448
1500 0.197467
1550 0.200774
1600 0.197
1650 0.206667
1700 0.199059
1750 0.196114
1800 0.195111
1850 0.203676
1900 0.192
1950 0.196718
2000 0.2001
2050 0.199415
2100 0.198476
2150 0.194791
2200 0.195182
2250 0.197422
2300 0.207304
2350 0.208
2400 0.204083
2450 0.201388
2500 0.20296
2550 0.204
2600 0.197154
2650 0.197509
2700 0.198815
2750 0.204364
2800 0.1995
2850 0.200421
2900 0.199655
2950 0.19722
3000 0.199133
3050 0.202754
3100 0.200387
3150 0.200127
3200 0.197625
3250 0.198831
3300 0.196424
3350 0.195522
3400 0.197118
3450 0.203246
3500 0.196457
3550 0.200901
3600 0.199778
3650 0.199123
3700 0.198865
3750 0.20096
3800 0.194053
3850 0.198026
3900 0.197436
3950 0.200101
4000 0.20405
4050 0.202272
4100 0.200049
4150 0.199325
4200 0.198905
4250 0.199435
4300 0.199814
4350 0.199586
4400 0.199182
4450 0.200764
4500 0.200533
4550 0.200484
4600 0.204565
4650 0.198409
4700 0.198979
4750 0.200379
4800 0.198042
4850 0.196701
4900 0.197796
4950 0.198182
5000 0.201
