50 0.1968
100 0.2008
150 0.203467
200 0.2013
250 0.20376
300 0.195333
350 0.201829
400 0.2017
450 0.201067
500 0.20008
550 0.198145
600 0.197367
650 0.198615
700 0.1974
750 0.20528
800 0.2017
850 0.199718
900 0.200311
950 0.199726
1000 0.19844
1050 0.197771
1100 0.199873
1150 0.19887
1200 0.1979
1250 0.20088
1300 0.200323
1350 0.199822
1400 0.199129
1450 0.201186
1500 0.19964
1550 0.197252
1600 0.200138
1650 0.198182
1700 0.1996
1750 0.200057
1800 0.201356
1850 0.200746
1900 0.201589
1950 0.200041
2000 0.20016
2050 0.201288
2100 0.198752
2150 0.199842
2200 0.200109
2250 0.201591
2300 0.197896
2350 0.199447
2400 0.201975
2450 0.201078
2500 0.201128
2550 0.200941
2600 0.201223
2650 0.201358
2700 0.198822
2750 0.199636
2800 0.2001
2850 0.19906
2900 0.198869
2950 0.199885
3000 0.200113
3050 0.199416
3100 0.200684
3150 0.200114
3200 0.199219
3250 0.199378
3300 0.199776
3350 0.199839
3400 0.199412
3450 0.199757
3500 0.199046
3550 0.199792
3600 0.1987
3650 0.198389
3700 0.19953
3750 0.199653
3800 0.201226
3850 0.198966
3900 0.200759
3950 0.199443
4000 0.20167
4050 0.199319
4100 0.200756
4150 0.200289
4200 0.201224
4250 0.200231
4300 0.200037
4350 0.201407
4400 0.201318
4450 0.200022
4500 0.197969
4550 0.199688
4600 0.198261
4650 0.200301
4700 0.200523
4750 0.201057
4800 0.200604
4850 0.199505
4900 0.199184
4950 0.199956
5000 0.199448
