50 2.01062
100 2.13628
150 2.04413
200 1.89752
250 2.00056
300 2.08602
350 1.96394
400 2.04518
450 2.06647
500 2.04832
550 2.01976
600 2.0169
650 1.96615
700 2.02857
750 2.01564
800 2.00433
850 2.0461
900 1.91288
950 1.99078
1000 1.92391
1050 2.03575
1100 2.03004
1150 1.98111
1200 2.01585
1250 2.12321
1300 1.95359
1350 2.01434
1400 2.01062
1450 1.96815
1500 2.00727
1550 2.04953
1600 1.91558
1650 2.03118
1700 1.95222
1750 2.01134
1800 2.00643
1850 2.03032
1900 1.99011
1950 2.01577
2000 1.97795
2050 2.04372
2100 1.97292
2150 1.96386
2200 2.01804
2250 2.00336
2300 2.01226
2350 2.02773
2400 2.01062
2450 2.00959
2500 2.00408
2550 1.99189
2600 1.99032
2650 1.98975
2700 2.02877
2750 1.99554
2800 2.03306
2850 2.00885
2900 1.99285
2950 1.99912
3000 1.98297
3050 2.02215
3100 2.05764
3150 2.0158
3200 1.98195
3250 2.0168
3300 1.9851
3350 1.99861
3400 1.98733
3450 2.03174
3500 2.01062
3550 2.01522
3600 1.98548
3650 2.00167
3700 1.97496
3750 1.98582
3800 2.00632
3850 2.00964
3900 1.98033
3950 2.02525
4000 2.01062
4050 2.0131
4100 1.99652
4150 1.99699
4200 1.97531
4250 1.99169
4300 1.99659
4350 2.00166
4400 1.98948
4450 2.01203
4500 1.98353
4550 2.0131
4600 2.01171
4650 2.00792
4700 2.0026
4750 1.98681
4800 2.01795
4850 1.96813
4900 1.9683
4950 1.97355
5000 2.00056
