50 2.01062
50 1.3823
50 1.63363
50 2.13628
50 2.89026
100 2.32478
100 1.82212
100 2.32478
100 1.88495
100 2.32478
150 1.88495
150 2.09439
150 1.75929
150 2.17817
150 2.30383
200 2.13628
200 1.66504
200 1.9792
200 1.66504
200 2.04203
250 2.01062
250 2.01062
250 1.96035
250 2.08602
250 1.93522
300 1.94779
300 2.28289
300 1.86401
300 2.28289
300 2.05251
350 1.867
350 1.88495
350 1.81315
350 2.04652
350 2.20809
400 2.04203
400 2.05774
400 2.13628
400 2.08916
400 1.90066
450 2.03854
450 2.05251
450 2.06647
450 1.96873
450 2.20609
500 2.02318
500 1.74672
500 2.06088
500 2.16141
500 2.24938
550 2.14771
550 2.09059
550 1.88495
550 2.01062
550 1.96492
600 2.09439
600 1.92684
600 2.08392
600 1.94779
600 2.03156
650 1.98162
650 1.94295
650 1.88495
650 2.02995
650 1.99128
700 2.12731
700 2.00164
700 2.01062
700 1.92983
700 2.07345
750 2.11115
750 1.91009
750 2.01062
750 1.96873
750 2.07764
800 1.99491
800 2.11272
800 1.98706
800 1.95564
800 1.97135
850 1.95887
850 2.29151
850 1.95887
850 2.03279
850 1.98844
900 1.89194
900 2.01062
900 1.75929
900 2.05251
900 1.85005
950 1.96432
950 1.97093
950 2.0966
950 1.99078
950 1.93125
1000 1.94779
1000 1.80956
1000 2.06717
1000 1.9038
1000 1.89124
1050 2.03455
1050 2.01062
1050 1.95676
1050 2.04652
1050 2.1303
1100 2.02204
1100 1.97063
1100 2.06774
1100 1.97635
1100 2.11343
1150 1.91227
1150 1.95052
1150 2.03794
1150 1.98876
1150 2.01608
1200 2.00015
1200 2.00538
1200 1.85877
1200 2.18864
1200 2.02633
1250 2.08099
1250 2.11618
1250 2.20665
1250 2.10612
1250 2.10612
1300 1.98162
1300 1.90429
1300 2.02512
1300 1.79312
1300 2.06378
1350 2.06181
1350 2.04785
1350 2.13628
1350 1.83841
1350 1.98735
1400 1.82661
1400 1.95227
1400 2.1677
1400 1.97023
1400 2.13628
1450 1.79396
1450 1.92395
1450 1.92829
1450 2.11462
1450 2.07995
1500 1.98967
1500 2.04832
1500 2.03156
1500 2.01062
1500 1.95616
1550 2.22546
1550 2.08764
1550 1.87279
1550 1.99035
1550 2.07142
1600 1.97527
1600 1.99884
1600 1.88495
1600 1.78285
1600 1.936
1650 2.07155
1650 2.04108
1650 2.02966
1650 1.94207
1650 2.07155
1700 1.99214
1700 2.01062
1700 2.06975
1700 1.85539
1700 1.83321
1750 2.06088
1750 1.99985
1750 2.08961
1750 1.87418
1750 2.03216
1800 1.98618
1800 1.98269
1800 2.07694
1800 1.95477
1800 2.03156
1850 2.17704
1850 2.00722
1850 1.91212
1850 1.98345
1850 2.07175
1900 1.94117
1900 1.97755
1900 2.10983
1900 1.96432
1900 1.95771
1950 2.03962
1950 1.95262
1950 2.04928
1950 2.05251
1950 1.98484
2000 1.9792
2000 1.9038
2000 2.02318
2000 1.96349
2000 2.02004
2050 2.07805
2050 2.12096
2050 2.00449
2050 2.02594
2050 1.98916
2100 1.95975
2100 1.97471
2100 2.01062
2100 1.97172
2100 1.94779
2150 1.9434
2150 1.9434
2150 1.95801
2150 1.87619
2150 2.09829
2200 2.05346
2200 2.01919
2200 1.89923
2200 2.04489
2200 2.07345
2250 1.96035
2250 1.97711
2250 2.04692
2250 2.03575
2250 1.99665
2300 1.9751
2300 2.02428
2300 2.06525
2300 2.02428
2300 1.97237
2350 2.07746
2350 2.03735
2350 2.05607
2350 2.00527
2350 1.96249
2400 2.00276
2400 2.12843
2400 1.93993
2400 2.0368
2400 1.94517
2450 1.96189
2450 2.05678
2450 2.06704
2450 1.96189
2450 2.00036
2500 2.09607
2500 1.988
2500 2.02821
2500 1.93773
2500 1.97041
2550 2.05743
2550 1.98351
2550 1.9983
2550 1.94163
2550 1.97859
2600 2.04928
2600 1.97195
2600 1.97195
2600 2.00095
2600 1.95745
2650 2.04855
2650 1.94186
2650 2.00113
2650 1.99639
2650 1.96083
2700 2.05949
2700 2.0432
2700 2.00596
2700 2.07345
2700 1.96175
2750 1.98092
2750 1.99919
2750 1.91466
2750 2.03575
2750 2.04717
2800 2.03979
2800 1.99042
2800 1.93208
2800 2.11384
2800 2.08916
2850 1.97093
2850 2.0018
2850 1.98857
2850 2.02825
2850 2.05471
2900 1.96295
2900 2.01062
2900 1.99328
2900 2.00412
2900 1.99328
2950 2.06173
2950 1.95098
2950 2.03405
2950 1.96163
2950 1.98719
3000 1.95616
3000 2.09649
3000 2.00852
3000 1.94569
3000 1.90799
3050 2.13216
3050 2.02504
3050 1.96942
3050 1.99414
3050 1.99002
3100 2.07548
3100 2.05115
3100 2.04913
3100 2.07345
3100 2.03899
3150 2.04054
3150 1.92884
3150 2.01461
3150 2.05251
3150 2.04253
3200 1.95957
3200 1.97331
3200 1.93993
3200 2.02633
3200 2.01062
3250 1.96422
3250 2.00095
3250 2.03382
3250 1.98742
3250 2.09762
3300 2.04489
3300 2.11534
3300 1.90971
3300 1.94398
3300 1.91161
3350 1.96748
3350 1.98248
3350 2.03125
3350 1.9656
3350 2.04625
3400 2.03279
3400 1.9829
3400 2.00692
3400 1.9367
3400 1.97735
3450 2.07254
3450 1.98694
3450 2.06161
3450 1.95234
3450 2.08529
3500 2.00523
3500 2.0537
3500 2.00344
3500 2.04832
3500 1.9424
3550 2.06194
3550 1.99292
3550 2.04956
3550 1.99823
3550 1.97345
3600 2.0176
3600 1.90939
3600 1.99491
3600 2.02109
3600 1.98444
3650 1.95725
3650 1.92627
3650 2.01234
3650 2.03988
3650 2.07259
3700 1.97156
3700 2.00892
3700 1.9376
3700 1.96986
3700 1.98684
3750 1.98381
3750 1.96873
3750 1.91679
3750 2.02067
3750 2.0391
3800 1.88826
3800 2.02715
3800 2.01392
3800 2.09164
3800 2.01062
3850 2.05142
3850 1.97308
3850 2.02204
3850 1.95187
3850 2.04979
3900 1.9204
3900 1.93812
3900 2.03156
3900 1.9494
3900 2.06217
3950 2.01857
3950 2.04084
3950 2.05993
3950 1.96767
3950 2.03925
4000 2.01533
4000 1.9902
4000 2.05617
4000 2.02633
4000 1.96506
4050 1.96408
4050 2.06181
4050 1.98269
4050 2.02458
4050 2.03234
4100 1.98303
4100 2.02441
4100 1.96464
4100 1.9815
4100 2.02901
4150 1.99245
4150 1.98942
4150 2.02273
4150 1.99699
4150 1.98337
4200 1.9792
4200 1.92684
4200 2.00015
4200 1.98369
4200 1.98668
4250 1.96774
4250 1.95444
4250 2.0461
4250 2.01505
4250 1.97514
4300 2.09098
4300 1.93902
4300 2.02377
4300 1.97847
4300 1.95071
4350 2.01784
4350 2.00917
4350 1.97595
4350 2.00773
4350 1.99762
4400 1.98491
4400 2.01205
4400 1.93922
4400 2.04203
4400 1.96921
4450 2.03321
4450 2.00215
4450 1.9965
4450 2.05156
4450 1.97673
4500 1.98409
4500 1.91428
4500 2.00922
4500 1.91986
4500 2.0902
4550 1.99543
4550 2.01476
4550 1.97886
4550 2.01752
4550 2.05895
4600 2.03111
4600 1.96281
4600 1.99013
4600 2.04613
4600 2.02837
4650 1.9863
4650 2.02143
4650 2.04034
4650 1.97684
4650 2.01467
4700 1.97853
4700 2.01463
4700 2.05072
4700 1.95313
4700 2.01596
4750 2.10453
4750 2.03443
4750 1.89554
4750 1.9749
4750 1.92464
4800 2.02371
4800 2.05512
4800 1.99229
4800 2.07869
4800 1.93993
4850 1.9588
4850 1.97175
4850 1.94066
4850 1.96528
4850 2.00414
4900 1.96189
4900 1.99908
4900 1.96317
4900 1.976
4900 1.94137
4950 2.0195
4950 1.9535
4950 1.90907
4950 1.94715
4950 2.03854
5000 1.97166
5000 2.05586
5000 1.98046
5000 2.00056
5000 1.99428
