50 0.14
50 0.2
50 0.2
50 0.22
50 0.24
100 0.16
100 0.22
100 0.21
100 0.19
100 0.22
150 0.226667
150 0.213333
150 0.173333
150 0.206667
150 0.22
200 0.185
200 0.15
200 0.205
200 0.175
200 0.215
250 0.18
250 0.2
250 0.168
250 0.208
250 0.2
300 0.186667
300 0.243333
300 0.203333
300 0.223333
300 0.196667
350 0.194286
350 0.185714
350 0.174286
350 0.188571
350 0.22
400 0.215
400 0.2175
400 0.2075
400 0.185
400 0.1775
450 0.224444
450 0.206667
450 0.224444
450 0.182222
450 0.211111
500 0.19
500 0.178
500 0.208
500 0.214
500 0.21
550 0.221818
550 0.201818
550 0.201818
550 0.205455
550 0.174545
600 0.221667
600 0.213333
600 0.198333
600 0.195
600 0.216667
650 0.203077
650 0.176923
650 0.226154
650 0.201538
650 0.201538
700 0.191429
700 0.192857
700 0.201429
700 0.198571
700 0.218571
750 0.221333
750 0.184
750 0.213333
750 0.205333
750 0.194667
800 0.19625
800 0.22125
800 0.1875
800 0.205
800 0.20875
850 0.194118
850 0.224706
850 0.197647
850 0.196471
850 0.192941
900 0.197778
900 0.21
900 0.184444
900 0.206667
900 0.193333
950 0.202105
950 0.195789
950 0.222105
950 0.196842
950 0.195789
1000 0.174
1000 0.187
1000 0.198
1000 0.195
1000 0.174
1050 0.210476
1050 0.202857
1050 0.198095
1050 0.2
1050 0.232381
1100 0.206364
1100 0.214545
1100 0.2
1100 0.199091
1100 0.208182
1150 0.181739
1150 0.20087
1150 0.191304
1150 0.187826
1150 0.207826
1200 0.199167
1200 0.2075
1200 0.193333
1200 0.198333
1200 0.1975
1250 0.2048
1250 0.2032
1250 0.2192
1250 0.2064
1250 0.2008
1300 0.210769
1300 0.206154
1300 0.193846
1300 0.186154
1300 0.196154
1350 0.203704
1350 0.2
1350 0.221481
1350 0.195556
1350 0.205926
1400 0.185714
1400 0.210714
1400 0.212143
1400 0.203571
1400 0.209286
1450 0.177241
1450 0.191724
1450 0.211724
1450 0.19931
1450 0.197241
1500 0.206667
1500 0.198
1500 0.186
1500 0.209333
1500 0.187333
1550 0.204516
1550 0.212258
1550 0.189032
1550 0.198065
1550 0.2
1600 0.2075
1600 0.213125
1600 0.1725
1600 0.1875
1600 0.204375
1650 0.214545
1650 0.204848
1650 0.207879
1650 0.196364
1650 0.209697
1700 0.204118
1700 0.21
1700 0.211176
1700 0.181765
1700 0.188235
1750 0.200571
1750 0.191429
1750 0.186857
1750 0.201143
1750 0.200571
1800 0.192778
1800 0.191111
1800 0.202222
1800 0.191667
1800 0.197778
1850 0.218919
1850 0.21027
1850 0.190811
1850 0.198919
1850 0.199459
1900 0.194211
1900 0.204211
1900 0.193684
1900 0.188947
1900 0.178947
1950 0.190769
1950 0.191282
1950 0.211795
1950 0.201026
1950 0.188718
2000 0.2075
2000 0.203
2000 0.208
2000 0.199
2000 0.183
2050 0.196098
2050 0.211707
2050 0.190244
2050 0.199024
2050 0.2
2100 0.2
2100 0.19619
2100 0.212381
2100 0.196667
2100 0.187143
2150 0.185581
2150 0.191163
2150 0.202791
2150 0.192093
2150 0.202326
2200 0.198636
2200 0.191364
2200 0.189091
2200 0.195455
2200 0.201364
2250 0.200889
2250 0.190222
2250 0.199111
2250 0.199111
2250 0.197778
2300 0.196522
2300 0.218696
2300 0.21
2300 0.205652
2300 0.205652
2350 0.217872
2350 0.204681
2350 0.214468
2350 0.194043
2350 0.208936
2400 0.206667
2400 0.210833
2400 0.2025
2400 0.20375
2400 0.196667
2450 0.190612
2450 0.206939
2450 0.200408
2450 0.198776
2450 0.210204
2500 0.2176
2500 0.2056
2500 0.2004
2500 0.1956
2500 0.1956
2550 0.211765
2550 0.201961
2550 0.207843
2550 0.190588
2550 0.207843
2600 0.191154
2600 0.188077
2600 0.200769
2600 0.200769
2600 0.205
2650 0.200377
2650 0.183774
2650 0.198868
2650 0.197358
2650 0.20717
2700 0.197037
2700 0.192593
2700 0.211111
2700 0.201852
2700 0.191481
2750 0.197091
2750 0.204364
2750 0.202545
2750 0.209091
2750 0.208727
2800 0.192857
2800 0.206071
2800 0.195
2800 0.205357
2800 0.198214
2850 0.191579
2850 0.207719
2850 0.19193
2850 0.207368
2850 0.203509
2900 0.192759
2900 0.202759
2900 0.203448
2900 0.20069
2900 0.198621
2950 0.201356
2950 0.200339
2950 0.19322
2950 0.19661
2950 0.194576
3000 0.199667
3000 0.2
3000 0.206
3000 0.195333
3000 0.194667
3050 0.207213
3050 0.204262
3050 0.197049
3050 0.201967
3050 0.203279
3100 0.193226
3100 0.200645
3100 0.205484
3100 0.2
3100 0.202581
3150 0.194286
3150 0.187937
3150 0.201587
3150 0.204762
3150 0.212063
3200 0.194375
3200 0.195312
3200 0.194375
3200 0.1975
3200 0.206563
3250 0.194154
3250 0.191692
3250 0.199692
3250 0.209231
3250 0.199385
3300 0.196364
3300 0.210606
3300 0.186061
3300 0.201212
3300 0.187879
3350 0.191642
3350 0.205672
3350 0.201493
3350 0.189254
3350 0.189552
3400 0.201471
3400 0.196176
3400 0.194706
3400 0.196176
3400 0.197059
3450 0.213043
3450 0.19913
3450 0.19942
3450 0.193043
3450 0.211594
3500 0.198571
3500 0.203714
3500 0.196
3500 0.197714
3500 0.186286
3550 0.20338
3550 0.201408
3550 0.203099
3550 0.204507
3550 0.192113
3600 0.199444
3600 0.187778
3600 0.195833
3600 0.213056
3600 0.202778
3650 0.196438
3650 0.197808
3650 0.194247
3650 0.202466
3650 0.204658
3700 0.197838
3700 0.195405
3700 0.200811
3700 0.196757
3700 0.203514
3750 0.2048
3750 0.193067
3750 0.196267
3750 0.205067
3750 0.2056
3800 0.181316
3800 0.193684
3800 0.200789
3800 0.201842
3800 0.192632
3850 0.198961
3850 0.190649
3850 0.205974
3850 0.194805
3850 0.19974
3900 0.198462
3900 0.194615
3900 0.201026
3900 0.19641
3900 0.196667
3950 0.191392
3950 0.213671
3950 0.203291
3950 0.194177
3950 0.197975
4000 0.1945
4000 0.2055
4000 0.217
4000 0.1995
4000 0.20375
4050 0.198025
4050 0.209136
4050 0.198272
4050 0.199506
4050 0.20642
4100 0.199756
4100 0.201463
4100 0.194146
4100 0.201707
4100 0.203171
4150 0.203614
4150 0.194217
4150 0.194458
4150 0.205542
4150 0.198795
4200 0.196667
4200 0.206429
4200 0.199762
4200 0.197619
4200 0.194048
4250 0.198588
4250 0.186118
4250 0.2
4250 0.208
4250 0.204471
4300 0.211628
4300 0.199302
4300 0.199535
4300 0.193256
4300 0.195349
4350 0.196552
4350 0.206667
4350 0.202069
4350 0.198621
4350 0.194023
4400 0.199091
4400 0.206591
4400 0.2025
4400 0.197045
4400 0.190682
4450 0.193708
4450 0.203371
4450 0.19573
4450 0.209888
4450 0.201124
4500 0.206667
4500 0.191778
4500 0.198444
4500 0.195778
4500 0.21
4550 0.199341
4550 0.208352
4550 0.195824
4550 0.2
4550 0.198901
4600 0.201739
4600 0.202826
4600 0.208696
4600 0.205
4600 0.204565
4650 0.191613
4650 0.20086
4650 0.2
4650 0.195914
4650 0.203656
4700 0.194043
4700 0.202128
4700 0.20383
4700 0.191702
4700 0.203191
4750 0.213053
4750 0.206316
4750 0.190316
4750 0.200842
4750 0.191368
4800 0.194583
4800 0.202708
4800 0.198125
4800 0.20375
4800 0.191042
4850 0.191134
4850 0.203505
4850 0.196082
4850 0.19732
4850 0.195464
4900 0.203469
4900 0.191224
4900 0.199796
4900 0.198163
4900 0.196327
4950 0.19899
4950 0.204848
4950 0.184444
4950 0.196768
4950 0.205859
5000 0.1958
5000 0.2056
5000 0.2078
5000 0.197
5000 0.1988
50 0.14
50 0.2
50 0.2
50 0.22
50 0.24
100 0.16
100 0.22
100 0.21
100 0.19
100 0.22
150 0.226667
150 0.213333
150 0.173333
150 0.206667
150 0.22
200 0.185
200 0.15
200 0.205
200 0.175
200 0.215
250 0.18
250 0.2
250 0.168
250 0.208
250 0.2
300 0.186667
300 0.243333
300 0.203333
300 0.223333
300 0.196667
350 0.194286
350 0.185714
350 0.174286
350 0.188571
350 0.22
400 0.215
400 0.2175
400 0.2075
400 0.185
400 0.1775
450 0.224444
450 0.206667
450 0.224444
450 0.182222
450 0.211111
500 0.19
500 0.178
500 0.208
500 0.214
500 0.21
550 0.221818
550 0.201818
550 0.201818
550 0.205455
550 0.174545
600 0.221667
600 0.213333
600 0.198333
600 0.195
600 0.216667
650 0.203077
650 0.176923
650 0.226154
650 0.201538
650 0.201538
700 0.191429
700 0.192857
700 0.201429
700 0.198571
700 0.218571
750 0.221333
750 0.184
750 0.213333
750 0.205333
750 0.194667
800 0.19625
800 0.22125
800 0.1875
800 0.205
800 0.20875
850 0.194118
850 0.224706
850 0.197647
850 0.196471
850 0.192941
900 0.197778
900 0.21
900 0.184444
900 0.206667
900 0.193333
950 0.202105
950 0.195789
950 0.222105
950 0.196842
950 0.195789
1000 0.174
1000 0.187
1000 0.198
1000 0.195
1000 0.174
1050 0.210476
1050 0.202857
1050 0.198095
1050 0.2
1050 0.232381
1100 0.206364
1100 0.214545
1100 0.2
1100 0.199091
1100 0.208182
1150 0.181739
1150 0.20087
1150 0.191304
1150 0.187826
1150 0.207826
1200 0.199167
1200 0.2075
1200 0.193333
1200 0.198333
1200 0.1975
1250 0.2048
1250 0.2032
1250 0.2192
1250 0.2064
1250 0.2008
1300 0.210769
1300 0.206154
1300 0.193846
1300 0.186154
1300 0.196154
1350 0.203704
1350 0.2
1350 0.221481
1350 0.195556
1350 0.205926
1400 0.185714
1400 0.210714
1400 0.212143
1400 0.203571
1400 0.209286
1450 0.177241
1450 0.191724
1450 0.211724
1450 0.19931
1450 0.197241
1500 0.206667
1500 0.198
1500 0.186
1500 0.209333
1500 0.187333
1550 0.204516
1550 0.212258
1550 0.189032
1550 0.198065
1550 0.2
1600 0.2075
1600 0.213125
1600 0.1725
1600 0.1875
1600 0.204375
1650 0.214545
1650 0.204848
1650 0.207879
1650 0.196364
1650 0.209697
1700 0.204118
1700 0.21
1700 0.211176
1700 0.181765
1700 0.188235
1750 0.200571
1750 0.191429
1750 0.186857
1750 0.201143
1750 0.200571
1800 0.192778
1800 0.191111
1800 0.202222
1800 0.191667
1800 0.197778
1850 0.218919
1850 0.21027
1850 0.190811
1850 0.198919
1850 0.199459
1900 0.194211
1900 0.204211
1900 0.193684
1900 0.188947
1900 0.178947
1950 0.190769
1950 0.191282
1950 0.211795
1950 0.201026
1950 0.188718
2000 0.2075
2000 0.203
2000 0.208
2000 0.199
2000 0.183
2050 0.196098
2050 0.211707
2050 0.190244
2050 0.199024
2050 0.2
2100 0.2
2100 0.19619
2100 0.212381
2100 0.196667
2100 0.187143
2150 0.185581
2150 0.191163
2150 0.202791
2150 0.192093
2150 0.202326
2200 0.198636
2200 0.191364
2200 0.189091
2200 0.195455
2200 0.201364
2250 0.200889
2250 0.190222
2250 0.199111
2250 0.199111
2250 0.197778
2300 0.196522
2300 0.218696
2300 0.21
2300 0.205652
2300 0.205652
2350 0.217872
2350 0.204681
2350 0.214468
2350 0.194043
2350 0.208936
2400 0.206667
2400 0.210833
2400 0.2025
2400 0.20375
2400 0.196667
2450 0.190612
2450 0.206939
2450 0.200408
2450 0.198776
2450 0.210204
2500 0.2176
2500 0.2056
2500 0.2004
2500 0.1956
2500 0.1956
2550 0.211765
2550 0.201961
2550 0.207843
2550 0.190588
2550 0.207843
2600 0.191154
2600 0.188077
2600 0.200769
2600 0.200769
2600 0.205
2650 0.200377
2650 0.183774
2650 0.198868
2650 0.197358
2650 0.20717
2700 0.197037
2700 0.192593
2700 0.211111
2700 0.201852
2700 0.191481
2750 0.197091
2750 0.204364
2750 0.202545
2750 0.209091
2750 0.208727
2800 0.192857
2800 0.206071
2800 0.195
2800 0.205357
2800 0.198214
2850 0.191579
2850 0.207719
2850 0.19193
2850 0.207368
2850 0.203509
2900 0.192759
2900 0.202759
2900 0.203448
2900 0.20069
2900 0.198621
2950 0.201356
2950 0.200339
2950 0.19322
2950 0.19661
2950 0.194576
3000 0.199667
3000 0.2
3000 0.206
3000 0.195333
3000 0.194667
3050 0.207213
3050 0.204262
3050 0.197049
3050 0.201967
3050 0.203279
3100 0.193226
3100 0.200645
3100 0.205484
3100 0.2
3100 0.202581
3150 0.194286
3150 0.187937
3150 0.201587
3150 0.204762
3150 0.212063
3200 0.194375
3200 0.195312
3200 0.194375
3200 0.1975
3200 0.206563
3250 0.194154
3250 0.191692
3250 0.199692
3250 0.209231
3250 0.199385
3300 0.196364
3300 0.210606
3300 0.186061
3300 0.201212
3300 0.187879
3350 0.191642
3350 0.205672
3350 0.201493
3350 0.189254
3350 0.189552
3400 0.201471
3400 0.196176
3400 0.194706
3400 0.196176
3400 0.197059
3450 0.213043
3450 0.19913
3450 0.19942
3450 0.193043
3450 0.211594
3500 0.198571
3500 0.203714
3500 0.196
3500 0.197714
3500 0.186286
3550 0.20338
3550 0.201408
3550 0.203099
3550 0.204507
3550 0.192113
3600 0.199444
3600 0.187778
3600 0.195833
3600 0.213056
3600 0.202778
3650 0.196438
3650 0.197808
3650 0.194247
3650 0.202466
3650 0.204658
3700 0.197838
3700 0.195405
3700 0.200811
3700 0.196757
3700 0.203514
3750 0.2048
3750 0.193067
3750 0.196267
3750 0.205067
3750 0.2056
3800 0.181316
3800 0.193684
3800 0.200789
3800 0.201842
3800 0.192632
3850 0.198961
3850 0.190649
3850 0.205974
3850 0.194805
3850 0.19974
3900 0.198462
3900 0.194615
3900 0.201026
3900 0.19641
3900 0.196667
3950 0.191392
3950 0.213671
3950 0.203291
3950 0.194177
3950 0.197975
4000 0.1945
4000 0.2055
4000 0.217
4000 0.1995
4000 0.20375
4050 0.198025
4050 0.209136
4050 0.198272
4050 0.199506
4050 0.20642
4100 0.199756
4100 0.201463
4100 0.194146
4100 0.201707
4100 0.203171
4150 0.203614
4150 0.194217
4150 0.194458
4150 0.205542
4150 0.198795
4200 0.196667
4200 0.206429
4200 0.199762
4200 0.197619
4200 0.194048
4250 0.198588
4250 0.186118
4250 0.2
4250 0.208
4250 0.204471
4300 0.211628
4300 0.199302
4300 0.199535
4300 0.193256
4300 0.195349
4350 0.196552
4350 0.206667
4350 0.202069
4350 0.198621
4350 0.194023
4400 0.199091
4400 0.206591
4400 0.2025
4400 0.197045
4400 0.190682
4450 0.193708
4450 0.203371
4450 0.19573
4450 0.209888
4450 0.201124
4500 0.206667
4500 0.191778
4500 0.198444
4500 0.195778
4500 0.21
4550 0.199341
4550 0.208352
4550 0.195824
4550 0.2
4550 0.198901
4600 0.201739
4600 0.202826
4600 0.208696
4600 0.205
4600 0.204565
4650 0.191613
4650 0.20086
4650 0.2
4650 0.195914
4650 0.203656
4700 0.194043
4700 0.202128
4700 0.20383
4700 0.191702
4700 0.203191
4750 0.213053
4750 0.206316
4750 0.190316
4750 0.200842
4750 0.191368
4800 0.194583
4800 0.202708
4800 0.198125
4800 0.20375
4800 0.191042
4850 0.191134
4850 0.203505
4850 0.196082
4850 0.19732
4850 0.195464
4900 0.203469
4900 0.191224
4900 0.199796
4900 0.198163
4900 0.196327
4950 0.19899
4950 0.204848
4950 0.184444
4950 0.196768
4950 0.205859
5000 0.1958
5000 0.2056
5000 0.2078
5000 0.197
5000 0.1988
