50 12.032
100 12.352
150 12.0107
200 11.816
250 12.1024
300 11.7493
350 12.1966
400 12.38
450 11.872
500 12.0032
550 11.8691
600 11.9787
650 11.8203
700 11.8537
750 11.9765
800 11.902
850 11.9247
900 11.8524
950 12.0556
1000 11.8608
1050 12.035
1100 12.1702
1150 12.0835
1200 11.9427
1250 12.0627
1300 11.9988
1350 11.9396
1400 11.9326
1450 11.9338
1500 12.0363
1550 11.871
1600 12.064
1650 11.9719
1700 12.1101
1750 11.9936
1800 12.1111
1850 12.0726
1900 12.0859
1950 12.0468
2000 11.9912
2050 11.9298
2100 11.9832
2150 11.9628
2200 12.1484
2250 11.9708
2300 11.879
2350 11.9748
2400 12.048
2450 12.0777
2500 12.0941
2550 12.0182
2600 12.1188
2650 12.1407
2700 11.8418
2750 11.9913
2800 11.92
2850 11.8771
2900 11.9084
2950 11.9485
3000 11.9899
3050 11.9769
3100 11.9964
3150 11.9528
3200 12.025
3250 11.9611
3300 11.9704
3350 12.0497
3400 11.8555
3450 12.0352
3500 11.9118
3550 11.9279
3600 11.9747
3650 11.9605
3700 11.9572
3750 12.0128
3800 12.0463
3850 12.0312
3900 12.1329
3950 11.9721
4000 12.0196
4050 11.9972
4100 12.0258
4150 11.9148
4200 12.0655
4250 12.0286
4300 11.9565
4350 11.9978
4400 12.0255
4450 11.9982
4500 11.8585
4550 11.9582
4600 11.9433
4650 12.0028
4700 11.982
4750 12.0205
4800 12.0497
4850 12.1056
4900 11.9138
4950 12.0048
5000 11.9341
